1,826.89,178.11,58.048,141.58,132.37
1,243.03,149.84,58.048,141.58,102.31
1,559.87,319.91,44.559,108.68,92.375
1,227.5,362.6,41.024,100.06,52.014
2,254.03,291.49,68.717,167.6,114.87
2,327.44,281.18,74.826,182.5,94.228
2,527.83,108.33,106.05,258.65,48.795
2,383,212.65,82.126,200.31,15.473
2,276.36,266.57,74.826,182.5,15.372
3,284.11,259.2,196.34,478.88,87.611
3,628.12,316.36,44.737,109.11,44.153
3,553.9,313.41,57.937,141.31,29.954
3,525.25,469.68,105.82,258.09,29.658
3,140.94,470.77,63.11,153.93,29.021
3,208.71,464.62,63.11,153.93,23.879
3,659.5,326,41,100,20.782
3,250.69,108.11,88.797,216.58,15.66
4,510,280,164,400,168.21
4,819.1,278.4,196.23,478.61,129.33
4,308.21,263.66,138.31,337.34,101.19
4,308.7,187.72,48.748,118.9,35.682
4,865.71,354.29,234.29,571.43,34.037
4,382.04,240,89.337,217.89,18.61
4,263.5,422,41,100,15.879
4,496.84,182.54,138.31,337.34,13.63
4,261.12,220.99,48.748,118.9,11.511
4,410.93,144,57.833,141.06,10.013
4,611.06,32.727,44.757,109.16,8.4014
4,967.5,210,41,100,7.7562
4,370.78,159.27,44.757,109.16,4.502
5,534.2,243.96,152.12,371.03,110.02
5,340.62,243.96,152.12,371.03,108.45
5,288.75,222.53,106.13,258.86,67.9
5,331.56,87.577,162.99,397.54,26.085
5,323.84,62,41.023,100.06,23.01
5,572.1,202,41.023,100.06,19.279
5,475.73,169.93,63.385,154.6,18.497
5,795.16,235.55,48.811,119.05,18.094
5,544.07,42,41.023,100.06,11.439
5,859.12,690.86,53.067,129.43,10.926
5,149.9,139.33,81.496,198.77,4.6671
6,452.63,217.14,233.81,570.27,95.935
6,246.67,259.2,196.56,479.42,50.522
6,892.16,421.54,63.101,153.91,39.349
6,1013.8,39.529,115.68,282.15,29.102
6,361.53,194.29,233.81,570.27,28.921
6,702.7,254.26,48.71,118.81,26.047
6,113.45,491.88,48.71,118.81,25.124
6,1045.2,460.36,44.692,109,24.704
6,174.86,108,81.962,199.91,24.057
6,1049.6,303.27,44.692,109,20.341
6,867.53,415.38,63.101,153.91,13.805
6,295.76,202.91,44.692,109,11.39
6,245.56,163.08,63.101,153.91,5.7541
7,580.93,177.58,68.599,167.32,82.205
7,546.25,173.23,75.698,184.63,81.448
7,485.24,230.36,63.021,153.71,78.721
7,362.2,218.07,63.021,153.71,72.456
7,244.77,178.62,81.3,198.29,67.938
7,424.05,242,41.032,100.08,63.979
7,176.93,129,114.53,279.34,54.042
7,628.32,178,41.032,100.08,44.616
7,672.17,127.58,58.022,141.52,36.896
7,443.61,26.278,48.963,119.42,29.916
7,649.55,212.64,58.022,141.52,29.846
7,491.23,93.56,58.022,141.52,27.803
7,331.52,216.46,44.799,109.27,20.93
7,466.97,32.797,44.799,109.27,16.833
7,374.5,187.36,63.021,153.71,15.719
7,442.97,138.92,81.3,198.29,14.217
7,685.22,211.09,53.325,130.06,13.219
7,276.07,304.07,63.021,153.71,12.901
7,371.98,54,41.032,100.08,12.47
7,295.54,198.28,48.963,119.42,10.369
7,395.84,260.39,48.963,119.42,9.512
7,392.01,110,41.032,100.08,7.4242
7,530.81,246.66,58.022,141.52,5.1607
8,542.9,217.14,233.65,569.87,76.989
8,905.44,152.73,89.398,218.04,60.181
8,965.24,187.69,63.073,153.84,58.329
8,696.79,163.64,44.699,109.02,36.891
8,138.06,274.81,75.043,183.03,33.434
9,257.04,226.54,125.89,307.06,76.224
9,19.284,265.11,68.77,167.73,64.546
9,238.63,249.29,40.865,99.672,34.895
9,485.16,198.08,192.71,470.03,29.671
9,286.59,33.466,98.182,239.47,20.416
9,65.932,46.981,138.14,336.94,19.777
9,468.57,566.16,52.918,129.07,14.834
9,254.04,77.183,68.77,167.73,12.193
9,48.484,256.35,63.202,154.15,8.6637
9,-0.76959,287.23,63.202,154.15,6.3328
9,42.327,305.76,63.202,154.15,5.3925
10,722.2,328.15,137.35,335,91.716
10,200.2,345.72,89.708,218.8,80.095
10,628.03,338.47,81.623,199.08,67.82
10,405.09,338.47,81.623,199.08,53.225
10,952.95,343.09,63.426,154.7,25.252
10,274.01,124.11,44.654,108.91,16.15
10,421.01,378.29,81.623,199.08,12.406
10,762.41,287.97,137.35,335,12.17
10,383.63,381.27,69.152,168.66,9.4982
11,179.04,194.29,233.72,570.06,78.713
11,152.31,316.36,44.744,109.13,53.312
11,352.55,260.87,214.03,522.02,52.173
11,715.68,237.82,44.744,109.13,19.375
11,189.67,71.287,97.601,238.05,9.5566
11,31.541,170,41.023,100.06,8.4989
11,611.44,201.29,63.439,154.73,8.4313
11,268.98,281.74,214.03,522.02,5.771
12,383.53,220.46,197.25,481.1,60.394
12,640.66,339.42,126.55,308.67,38.338
12,752.8,398.06,48.87,119.2,29.212
12,357.38,299.3,63.277,154.33,23
12,743.07,433.09,44.591,108.76,16.531
13,499.46,199.02,177.33,432.52,78.361
13,412.97,216.33,177.33,432.52,63.376
14,510.84,249.28,138.2,337.06,102.06
14,619.02,365.38,82.44,201.07,59.47
14,678.87,357.55,40.957,99.894,33.594
14,483.53,276.04,75.326,183.72,26.833
14,454.17,276.04,75.326,183.72,23.529
15,150.99,175.39,97.346,237.43,90.559
15,440.75,351.96,88.924,216.89,59.189
15,296.01,356.98,82.257,200.63,58.486
15,742.65,372.98,40.924,99.814,31.046
15,122.45,146.95,97.346,237.43,9.9965
16,110.38,129.65,126.95,309.63,91.026
16,67.163,327.69,40.746,99.381,43.581
16,249.46,292.52,58.245,142.06,38.769
16,139.41,369.2,44.803,109.27,14.434
16,218.4,343.58,40.746,99.381,11.401
17,571.12,250.96,125.14,305.21,102.82
17,310.47,296.32,106.54,259.86,95.704
17,205.6,263.2,125.14,305.21,90.762
17,494.76,254.89,115.8,282.45,82.666
17,787.95,277.54,115.8,282.45,82.596
17,106.5,372.78,68.799,167.8,34.437
17,445.56,213.14,106.54,259.86,33.069
17,182.87,161.4,89.639,218.63,28.185
17,140.78,147.06,97.107,236.85,25.272
17,123.5,193.74,40.977,99.945,24.029
17,528.59,288.87,115.8,282.45,15.696
17,849.69,219.06,63.201,154.15,13.896
17,630.08,175.59,115.8,282.45,12.142
17,278.8,158.43,75.484,184.11,11.426
17,955.5,425.44,40.977,99.945,10.63
18,171.55,167.09,136.83,333.74,72.154
18,95.694,391.79,41.144,100.35,9.994
19,665.45,187.91,297.4,725.36,43.354
19,1074.8,119.79,44.636,108.87,34.923
19,1066.1,458.01,48.617,118.58,32.233
19,922.45,89.301,44.636,108.87,6.744
19,713.47,111.08,44.636,108.87,6.0237
20,315.88,238.61,75.396,183.89,115.44
20,395.71,218.49,81.377,198.48,88.443
20,474.36,224.09,90.171,219.93,81.551
20,264.4,256.21,57.772,140.91,77.422
20,617.87,234.38,81.377,198.48,73.259
20,241.84,256.21,57.772,140.91,46.668
20,659.52,249.89,63.248,154.26,27.771
20,568.81,194.92,97.411,237.59,26.944
20,289.31,252.91,69.148,168.65,21.615
20,441.12,245.95,75.396,183.89,21.173
20,198.91,130.74,48.706,118.79,17.541
20,350.97,237.55,63.248,154.26,13.132
20,13.656,202.05,48.706,118.79,8.7244
20,134.67,188.64,57.772,140.91,8.2395
21,267.06,344.35,213.35,520.36,101.52
21,131.08,173.33,274.29,669,31.323
21,346.19,200,274.29,669,6.2772
22,306.38,215.15,126.14,307.65,121.39
22,203.22,317.49,40.94,99.853,38.718
22,568.92,320.03,44.59,108.76,37.328
22,410.94,429.32,40.94,99.853,36.19
22,107.88,261.68,53.037,129.36,19.46
22,163.28,309.51,40.94,99.853,14.735
22,67.409,273.56,40.94,99.853,8.9762
22,87.382,277.56,40.94,99.853,6.0404
23,174.43,142.1,138.81,338.56,117.2
23,282.81,169.17,138.81,338.56,110.21
23,471.82,118.42,115.52,281.76,102.26
23,719.55,157.01,97.315,237.35,89.876
23,787.3,129.69,115.52,281.76,81.281
23,609.09,129.03,105.96,258.45,80.323
23,381.49,139.35,105.96,258.45,75.79
23,997.59,245.8,75.24,183.51,71.222
23,839.58,105.64,126.99,309.73,66.739
23,536.67,139.35,105.96,258.45,64.523
23,650.47,139.35,105.96,258.45,45.752
23,422.87,129.03,105.96,258.45,28.201
23,888.42,211.6,105.96,258.45,25.77
23,83.647,258.42,41.07,100.17,21.008
23,49.999,262.21,57.764,140.89,18.244
23,760.34,252.41,82.14,200.34,14.45
23,1045.3,238.39,41.07,100.17,7.8431
23,748,128.46,97.315,237.35,4.5734
23,989.24,226.37,41.07,100.17,1.7207
24,190.8,268.71,82.048,200.12,88.218
24,278.71,268.71,82.048,200.12,81.448
24,489.46,377,53.381,130.2,40.323
24,104.13,355.37,63.294,154.38,33.862
25,798.46,362.77,126.11,307.58,97.062
25,903,315.31,81.924,199.82,76.439
25,327.08,301.44,116.31,283.68,45.692
25,895.16,414.56,69.07,168.46,40.665
25,725.38,335.1,63.056,153.79,33.658
25,300.69,399.96,75.328,183.73,32.957
25,749.23,362.77,126.11,307.58,31.466
25,380.65,336.08,105.89,258.26,18.606
26,236.06,176.02,97.375,237.5,24.697
26,880.72,177.73,40.898,99.75,15.27
26,722.68,192.86,127.8,311.72,9.5175
27,561.29,260.87,214.01,521.97,120.24
27,434.12,340.36,178.89,436.32,100.4
27,765.71,270.55,178.89,436.32,85.247
27,147.39,615.21,138.78,338.48,44.814
27,72.218,583.38,151.64,369.86,38.31
27,653.89,297.6,197.41,481.49,36.427
27,95.441,168,44.723,109.08,33.683
27,71.388,222,40.963,99.91,30.008
27,355.94,125.94,48.72,118.83,26.445
27,307.02,158,40.963,99.91,25.164
27,377.41,121.95,53.129,129.58,18.415
27,315.01,694,40.963,99.91,12.135
27,207.98,90.297,97.44,237.66,11.863
27,260.86,582.18,48.72,118.83,10.686
27,381.76,392.73,178.89,436.32,10.647
27,139.28,226,40.963,99.91,8.8695
27,800.26,-4,82.075,200.18,0.91579
28,100.65,237.25,211.55,515.99,114.35
28,760.7,192.06,230.78,562.87,113.48
28,532.54,199.29,195.27,476.26,63.809
28,39.5,606.64,41.018,100.04,54.323
28,681.64,219.68,179.9,438.78,51.974
28,32.566,321.98,115.97,282.86,41.402
28,512.39,391.53,53.133,129.59,32.101
28,724.62,486.82,126.23,307.88,28.725
28,199.5,22.023,41.018,100.04,12.419
28,663.11,21.352,48.611,118.56,8.217
28,721.06,70.61,57.842,141.08,4.356
29,417.41,415.16,57.907,141.24,71.479
29,472.5,196.76,211.96,516.97,65.613
29,555.12,238.18,211.96,516.97,47.16
29,538.61,100.97,53.116,129.55,44.957
29,394.81,415.16,57.907,141.24,39.89
29,256.91,264.07,105.98,258.49,38.261
29,365.84,290.75,81.702,199.27,37.865
29,318.87,357.27,105.98,258.49,33.381
29,1128.6,39.196,89.16,217.46,32.551
29,695.63,33.286,97.689,238.27,31.061
29,1023.5,206,41,100,29.859
29,827.23,107.98,116.41,283.94,29.852
29,623.05,132.7,63.29,154.37,29.452
29,480.99,89.497,63.29,154.37,26.204
29,795.5,166,41,100,26.133
29,341,508.92,125.52,306.14,18.302
29,25.971,271.55,68.709,167.58,17.177
29,293.72,267.1,116.41,283.94,14.835
29,301.88,114.19,63.29,154.37,13.971
29,934.26,42.796,97.689,238.27,12.171
29,662.67,77.108,68.709,167.58,10.857
29,270.99,108.01,63.29,154.37,8.5163
29,783.5,146,41,100,6.8241
29,349.89,27.88,81.702,199.27,6.7971
29,256.53,413.69,97.689,238.27,3.711
29,839.23,398.11,63.29,154.37,3.3047
30,316.52,201.92,125.4,305.85,85.918
30,290.07,342.49,63.358,154.53,0.63792
31,280.28,218.02,193.68,472.38,94.59
31,401.46,449.83,105.92,258.33,14.192
31,426.51,355.47,97.303,237.33,11.616
32,364.83,187.18,81.567,198.94,149.2
32,293.26,187.18,81.567,198.94,127.25
32,227.62,195.19,75.538,184.24,120.95
32,941.36,214.31,41.073,100.18,13.253
32,493.02,202.55,75.538,184.24,12.05
33,630.9,222.66,96.877,236.28,98.632
34,305.09,314.56,136.92,333.95,83.442
34,496.58,291.62,98.068,239.19,10.451
34,781.48,342.37,41.077,100.19,6.8181
35,396.57,228.69,151.24,368.88,56.23
35,320.99,235.07,137.76,336,48.274
35,46.215,352.61,68.877,167.99,43.868
35,95.658,442,41.039,100.1,41.375
35,123.99,429.19,53.27,129.93,34.575
35,166.18,354.42,81.612,199.05,27.488
35,21.91,410.38,57.982,141.42,23.823
35,-0.59547,430.95,48.821,119.08,16.715
35,277.62,442.04,81.612,199.05,15.144
35,198.02,362.39,81.612,199.05,10.449
35,229.86,362.39,81.612,199.05,8.5841
36,674.5,326.23,48.764,118.94,63.668
36,86.555,189.41,44.635,108.87,34.202
36,269.15,322.62,62.922,153.47,28.626
36,964.62,3.3717,69.168,168.7,17.416
36,151.1,384.99,40.893,99.738,4.2694
37,306.02,227.49,126.07,307.49,97.487
37,415.04,252.96,115.31,281.25,81.626
37,757.89,237.46,139.06,339.17,72.907
37,170.69,227.49,126.07,307.49,57.092
37,563.42,255.05,148.9,363.17,43.687
37,915.75,285.9,63.039,153.75,39.262
37,219.9,239.79,126.07,307.49,36.027
37,983.42,249.01,63.039,153.75,13.617
38,924.79,473.85,126.4,308.29,79.462
38,781.31,439.44,138.47,337.74,74.701
38,196.07,215.38,126.4,308.29,66.162
38,602.37,376,163.46,398.67,65.508
38,233.3,391.38,150.98,368.24,55.317
38,409.19,554.18,89.467,218.21,50.91
38,430.31,385.35,138.47,337.74,34.356
38,866.52,547.76,115.64,282.05,24.399
38,350.92,518.02,97.488,237.78,15.003
39,552.27,154.39,126.32,308.1,98.918
39,277.2,201.88,105.88,258.23,88.758
39,777.81,176,97.428,237.63,81.433
39,682.81,166.49,97.428,237.63,80.615
39,192.38,176,116.67,284.56,77.58
39,99.408,98,40.977,99.943,35.23
39,79.387,278.25,68.603,167.32,28.693
39,501.43,152.1,88.916,216.87,25.802
39,166.29,70.4,68.603,167.32,23.883
39,762.8,310,40.977,99.943,20.769
39,240.57,62.333,75.069,183.09,18.224
39,407.95,95.333,150.13,366.17,16.688
39,116.17,62.333,75.069,183.09,10.868
39,178.69,132.77,63.379,154.58,2.1186
40,321.88,154.63,127.21,310.26,71.927
40,211.59,167,136.75,333.53,48.74
41,252.75,95.366,52.939,129.12,117.79
42,531.2,200,273.68,667.5,67.594
42,378.17,422.97,97.305,237.33,41.673
42,1035.5,599.35,53.14,129.61,38.374
42,908.78,434.18,44.773,109.2,32.628
42,1058.2,581.54,63.095,153.89,27.825
42,633.94,307.69,251.66,613.81,26.492
42,-0.70673,448.94,57.922,141.27,25.742
42,25.044,632.73,89.361,217.95,24.741
42,421.72,259.2,197.25,481.11,21.938
42,975.5,670,41,100,20.088
42,869.28,513.88,115.84,282.54,19.306
42,276.33,635.29,57.922,141.27,18.613
42,818.12,243.08,63.095,153.89,17.422
42,320.55,308.76,53.14,129.61,14.31
42,106.72,290.82,57.922,141.27,12.511
42,351.63,313.95,53.14,129.61,11.95
42,166.04,715.25,48.761,118.93,8.7058
42,8.197,674.18,44.773,109.2,6.8063
42,1096.1,245.65,57.922,141.27,3.1797
42,190.56,641.45,89.361,217.95,2.7693
43,797.22,80.432,53.145,129.62,71.219
43,179.5,222,41,100,54.106
43,89.25,186.35,115.98,282.87,45.67
43,73.965,316.8,196.19,478.52,45.352
43,394.73,280,272.61,664.91,43.134
43,537.52,170.32,106.02,258.59,38.541
43,311.23,135.65,214.22,522.48,32.623
43,134.06,96,53.145,129.62,26.718
43,202.58,333.18,115.98,282.87,26.15
43,495.38,59.294,57.83,141.05,19.426
43,837.47,144,196.19,478.52,18.794
43,20.076,230.92,53.145,129.62,13.486
43,3.5,442,41,100,8.7491
43,106.4,87.529,57.83,141.05,1.9593
44,707.73,135.38,251.69,613.89,62.805
44,1120.2,267.69,63.105,153.92,38.986
44,1069.4,257.45,89.317,217.85,35.954
44,401.86,113.59,75.086,183.14,35.952
44,51.861,37.091,44.748,109.14,31.018
44,-0.9154,282.14,75.086,183.14,28.753
44,134.73,255.38,63.105,153.92,25.013
44,491.95,144.62,63.105,153.92,23.576
44,361.47,130.91,68.79,167.78,22.413
44,313.98,120.92,75.086,183.14,22.098
44,225.19,257.45,89.317,217.85,21.672
44,730.5,735.1,68.79,167.78,19.43
44,608.84,318.42,97.58,238,16.703
44,587.75,186.35,115.97,282.85,16.469
44,263.72,154,41.019,100.05,15.568
44,73.698,37.091,44.748,109.14,12.93
44,1121.4,341.65,57.833,141.06,11.266
44,155.56,676.36,89.317,217.85,8.3389
44,1002.9,53.647,57.833,141.06,7.229
44,295.75,130,41.019,100.05,1.3462
44,1049.6,381.41,53.245,129.87,0.8635
45,449.25,217.22,178.03,434.23,130.72
45,381.36,246.13,163.31,398.32,87.188
45,317.92,211.26,48.699,118.78,37.093
45,56.156,302.69,52.976,129.21,26.923
45,345.04,176.16,63.323,154.45,19.874
45,734.08,268.88,63.323,154.45,19.614
45,489.15,159.32,44.783,109.23,18.781
45,750.53,348.94,48.699,118.78,15.822
45,878.28,399.39,44.783,109.23,15.473
45,1123.1,216.06,44.783,109.23,10.152
45,1044.7,206.24,57.919,141.27,9.6239
45,298.91,211.26,48.699,118.78,7.7781
45,273.04,199.21,52.976,129.21,4.7627
45,532.39,158.17,41.058,100.14,3.4341
45,6.3918,84.06,74.896,182.67,0.8884
46,43.802,252.86,115.57,281.87,142.67
46,202.06,264.1,115.57,281.87,129.82
46,114.16,219.14,69.243,168.89,30.866
46,417.53,206.74,57.986,141.43,29.258
46,840.16,254.21,48.695,118.77,25.285
46,580.84,351.4,53.28,129.95,25.006
46,213.36,174.19,115.57,281.87,20.349
46,9.8908,174.19,115.57,281.87,20.347
46,338.41,257.71,57.986,141.43,18.573
46,143.91,185.74,44.836,109.36,15.142
46,94.821,301.38,98.267,239.68,12.798
46,444.95,155.26,127.22,310.28,8.9516
46,796.21,235.06,57.986,141.43,6.4763
46,533.42,127.73,74.934,182.77,3.0317
47,817.91,400.06,115.25,281.1,136.54
47,914.88,391.89,75.091,183.15,126.2
47,606.63,365.22,127.08,309.94,108.45
47,504.61,361.17,89.294,217.79,99.885
47,243.04,239.33,89.294,217.79,34.822
47,558.47,91.895,81.914,199.79,27.37
47,21.253,376.4,44.648,108.9,15.404
47,291.35,109.88,250.93,612.03,14.601
47,590.5,318.72,68.832,167.88,12.159
48,933.85,447.91,126.01,307.33,97.268
48,429.47,382.52,137.9,336.34,94.369
48,736.92,423.36,126.01,307.33,92.902
48,860,447.91,126.01,307.33,78.041
48,348.63,395.95,137.9,336.34,69
48,143.5,417.51,40.981,99.953,53.729
48,167.5,421.51,40.981,99.953,52.754
48,1195.5,425.5,40.981,99.953,38.229
48,650.77,300.65,126.01,307.33,30.147
48,1127.1,416.42,44.653,108.91,24.88
48,543.45,436.84,75.344,183.77,23.183
48,810.77,423.36,126.01,307.33,22.52
48,1042.2,302.4,89.858,219.17,17.169
48,1179.5,425.5,40.981,99.953,16.868
48,1155.5,425.5,40.981,99.953,15.5
48,319.5,453.47,40.981,99.953,8.7136
48,247.62,93.749,44.653,108.91,5.0529
48,474.01,102.47,44.653,108.91,3.7842
49,205.27,281.74,213.43,520.55,46.009
49,879.65,85.091,44.691,109,0.73136
50,359.65,169.88,105.64,257.65,84.15
50,498.25,184.84,53.309,130.02,5.493
51,210.98,157.56,74.995,182.91,130.97
51,65.009,156.75,97.123,236.89,43.094
51,27.186,270.75,97.123,236.89,18.41
52,183.36,209.49,75.467,184.07,114.54
52,165.58,194.72,53.237,129.85,34.726
52,526.14,356.74,40.879,99.704,7.7219
52,164.69,254.7,44.594,108.77,2.8044
53,138.32,121.22,75.228,183.48,61.43
53,228.52,78.261,107,260.98,40.043
53,160.23,379.52,44.49,108.51,37.59
53,171.08,175.38,63.008,153.68,32.983
53,200.56,390.73,89.951,219.39,27.186
53,151.67,435.94,57.735,140.82,23.796
53,161.48,331.39,48.869,119.19,3.2328
54,77.304,72.409,164.02,400.05,97.759
55,286.45,40,164.16,400.39,106.94
56,134.58,61.667,115.57,281.88,102.19
56,106.46,185,40.686,99.233,38.307
56,66.845,185,40.686,99.233,9.8711
56,237.17,188.98,40.686,99.233,9.5576
57,39.783,56.294,105.1,256.33,113.7
57,162.98,66.529,105.1,256.33,109.64
57,383,23.925,44.638,108.87,28.345
58,162.22,72,210.98,514.59,52.231
58,226.5,180,194.75,475,3.3768
59,556.25,112.33,178.12,434.45,29.509
59,737.84,412.78,40.896,99.745,12.954
59,827.87,533.98,48.578,118.48,10.931
59,531.16,354.51,89.558,218.43,6.3214
60,460.08,104,163.66,399.18,76.705
61,352.17,84.49,75.356,183.8,56.946
61,266.08,195.43,211.4,515.61,41.543
61,120.9,86.897,254.31,620.26,15.475
62,170.7,145.95,198.43,483.98,60.257
62,79.429,476.36,74.684,182.16,22.886
63,194.09,152.54,125.19,305.34,47.403
63,172.03,304.62,63.161,154.05,39.975
63,182.8,399.51,89.884,219.23,29.613
63,295.31,169.81,138.84,338.63,20.437
64,223.62,123.75,231.37,564.31,47.084
64,410.91,292.71,69.078,168.48,36.752
65,554.44,92.515,211.16,515.03,98.033
66,461.85,86.897,252.57,616.02,92.231
66,316.85,353.33,136.34,332.53,40.475
66,211.13,433.13,114.97,280.42,26.418
66,142.82,516,81.945,199.87,23.167
66,93.656,534.95,69.085,168.5,21.496
66,235.2,382,40.973,99.933,18.291
66,640.44,36.85,58.135,141.79,13.893
67,271.43,79.534,233.73,570.07,42.167
67,245.38,218.64,63.099,153.9,21.118
67,224.87,277.26,82.561,201.37,11.541
67,679.5,537.18,40.975,99.939,4.3905
68,406.77,78.75,232.11,566.13,166.45
68,208.85,250.33,48.827,119.09,37.052
68,115.86,150.77,62.985,153.62,31.309
68,51.773,85.091,44.706,109.04,25.308
68,201.79,120,62.985,153.62,24.66
68,125.89,290.18,44.706,109.04,21.784
68,845.26,98.182,44.706,109.04,21.159
69,242.18,78.882,179.2,437.08,109.45
69,166.57,174.03,48.923,119.32,7.0608
70,280,47.5,193.64,472.28,103.2
71,478,88.705,164.51,401.25,103.59
71,601.42,376.83,58.17,141.88,22.077
71,38.727,224.95,44.745,109.13,10.636
71,539.03,428.86,53.226,129.82,6.0874
72,162.4,113.14,211.16,515.02,151.15
72,735.59,3.6735,75.41,183.93,21.805
72,65.073,78.75,231.38,564.35,14.677
73,270.41,62.069,254.7,621.23,99.569
73,50.991,498.8,88.942,216.93,37.08
73,467.04,142.11,193.22,471.27,23.032
73,644.93,117.93,127.35,310.61,21.284
73,731.13,158.13,68.895,168.04,12.946
73,690.6,584.11,48.866,119.19,11.111
73,799.5,74,41,100,8.9128
73,237.11,-2.5899,53.029,129.34,6.449
73,317.31,2.8346,58.165,141.87,4.3504
74,740.2,128.06,97.347,237.43,65.494
74,485.07,182.94,138.71,338.33,38.357
74,331.49,175.49,97.347,237.43,33.243
74,723.82,264.29,44.747,109.14,25.217
74,133.43,311.88,68.786,167.77,10.559
75,413.97,72,212.16,517.46,72.564
75,129.09,117.11,88.937,216.92,59.075
75,120.42,56.386,88.937,216.92,34.41
75,147.5,249.23,63.201,154.15,15.615
76,69.844,46.029,104.44,254.73,92.045
76,284.13,51.816,97.077,236.77,88.884
76,150.98,70.658,97.077,236.77,47.516
76,122.45,89.5,97.077,236.77,25.673
76,44.559,116.49,58.108,141.73,11.027
76,-0.99777,91.489,81.699,199.27,7.8372
77,129.09,109.09,149.09,363.64,129.85
77,91.667,180,136.67,333.33,23.688
77,13.663,144.59,48.643,118.64,10.183
77,34.364,150.2,44.668,108.95,9.3778
78,135,129.73,176.63,430.8,86.279
78,264.92,253.79,75.524,184.2,58.599
78,400.24,303.01,57.981,141.42,15.492
78,284.55,116.15,48.643,118.64,7.811
79,122.61,72.258,212.57,518.47,78.419
79,283.1,30.316,69.155,168.67,34.77
79,323.66,30.316,69.155,168.67,23.371
79,221.29,23.226,52.903,129.03,22.341
79,23,76,82,200,14.471
79,89.703,244.15,48.643,118.64,12.496
79,422.38,258.37,48.643,118.64,2.2408
80,190,152,164,400,121.06
80,38.727,219.86,44.668,108.95,58.77
80,43.091,189.39,44.668,108.95,16.847
80,25.636,193.74,44.668,108.95,8.6778
81,171.67,166.67,136.67,333.33,127.25
81,67.059,121.77,57.981,141.42,31.931
81,19.5,166,41,100,22.09
81,99.5,162,41,100,20.662
81,249.3,117.89,69.155,168.67,19.852
81,153.08,150.77,63.077,153.85,14.906
82,196.96,204.59,107.29,261.69,98.388
82,250.15,320,75.524,184.2,14.654
83,195.38,215.38,126.15,307.69,118.44
83,64.909,102.31,44.668,108.95,17.612
84,152.14,129.73,176.63,430.8,137.6
84,34.364,115.37,44.668,108.95,121.67
84,100.94,36.814,57.981,141.42,39.59
84,279.69,106.67,75.524,184.2,38.371
84,175.5,46,41,100,37.404
84,50.769,25.747,75.524,184.2,30.281
84,346.15,69.885,75.524,184.2,16.733
84,156.24,68.741,48.643,118.64,16.475
84,133.55,49.032,52.903,129.03,10.054
85,199,196,82,200,132.73
85,260,50.909,149.09,363.64,19.21
85,3.5,170,41,100,15.708
85,151.76,206.73,57.981,141.42,8.9209
85,72.308,6.1538,126.15,307.69,4.2504
85,231,188,82,200,2.8171
86,134.29,57.143,234.29,571.43,50.561
87,111.43,57.143,234.29,571.43,95.87
87,407.5,22,41,100,5.9032
88,60,92.903,212.57,518.47,127.56
88,241.78,182.52,48.643,118.64,11.044
89,88.571,57.143,234.29,571.43,73.106
89,367.5,142,41,100,27.026
90,111.43,57.143,234.29,571.43,115.47
91,122.61,113.55,212.57,518.47,93.489
92,88.571,57.143,234.29,571.43,152.38
92,185.22,72.258,212.57,518.47,47.863
92,391.5,186,41,100,11.649
92,391.5,86,41,100,3.173
93,164.35,72.258,212.57,518.47,86.473
94,220,227.69,126.15,307.69,129.47
94,-0.59406,168.3,48.643,118.64,24.608
95,198.33,206.67,136.67,333.33,122.79
95,225,140,136.67,333.33,38.858
95,147.5,190,41,100,7.2262
95,287.5,6,41,100,3.6262
96,198.46,224.37,75.524,184.2,106.44
96,27.5,174,41,100,19.97
96,185.65,178.41,57.981,141.42,16.385
96,215.49,171.79,69.155,168.67,13.494
97,172.73,138.18,149.09,363.64,105.54
97,65.538,25.747,75.524,184.2,12.614
98,265,100,136.67,333.33,141.21
98,524.63,50.704,69.155,168.67,36.151
98,390.09,53.647,57.981,141.42,18.035
98,464,43.944,69.155,168.67,16.52
98,567.1,147.1,52.903,129.03,13.416
98,503.36,81.882,57.981,141.42,9.692
99,251.67,100,136.67,333.33,102.06
99,123.23,110.97,52.903,129.03,25.771
99,391,36,82,200,24.051
99,520.35,110.12,57.981,141.42,17.956
99,455.5,174,41,100,17.695
99,480.71,149.65,57.981,141.42,4.7917
100,295.71,120,117.14,285.71,67.594
100,270,138.46,63.077,153.85,27.756
101,260,123.64,149.09,363.64,58.012
101,221.5,93.818,44.668,108.95,41.072
101,183.85,95.385,63.077,153.85,29.998
101,411.85,125.94,48.643,118.64,24.671
101,243.5,118,41,100,8.5942
102,289.09,80,149.09,363.64,113.35
102,203.5,22,41,100,44.009
102,257.69,206.15,63.077,153.85,35.362
102,71,220,82,200,28.019
102,509.03,194.82,57.981,141.42,27.448
102,271.5,138,41,100,23.529
102,15.5,18,41,100,22.406
102,452.39,206.12,57.981,141.42,17.995
102,94.222,26.139,48.643,118.64,15.244
102,131.5,290,41,100,8.1623
102,71.5,26,41,100,5.272
103,314.03,139.2,98.115,239.31,115.54
103,257.69,224.62,63.077,153.85,47.474
103,288.84,212.96,69.155,168.67,32.796
103,99.5,150,41,100,23.898
103,203.26,154.46,48.643,118.64,14.689
103,559.23,83.077,63.077,153.85,7.8044
103,247.62,168,44.668,108.95,7.3251
103,221.47,212.96,69.155,168.67,3.2264
103,122.31,120,63.077,153.85,0.80156
104,281.54,129.23,126.15,307.69,83.279
104,121.36,45.818,44.668,108.95,11.975
105,386.89,151.3,107.29,261.69,90.298
105,331.54,267.69,63.077,153.85,34.659
105,455.17,240,75.524,184.2,13.416
106,314.03,168,98.115,239.31,123.06
106,506.67,83.168,48.643,118.64,39.365
106,112.9,224.52,52.903,129.03,26.169
106,344.92,120,107.29,261.69,25.715
106,151.5,218,41,100,17.504
106,13.63,254.26,48.643,118.64,13.998
106,591.56,93.818,44.668,108.95,7.634
106,536.13,80,52.903,129.03,5.1112
107,238.33,126.67,136.67,333.33,128.49
108,238.33,113.33,136.67,333.33,97.35
108,438.21,187.2,98.115,239.31,21.266
108,32.593,130.69,48.643,118.64,12.381
108,543.01,183.53,57.981,141.42,7.1105
109,219.02,151.3,107.29,261.69,109.77
109,199.73,198.55,44.668,108.95,23.093
109,350.32,43.871,52.903,129.03,22.522
109,38.639,63.273,44.668,108.95,13.028
109,183,68,82,200,6.0196
110,198.33,86.667,136.67,333.33,106.96
110,177.05,36.522,107.29,261.69,11.887
111,314.03,177.6,98.115,239.31,55.011
111,275.82,177.6,98.115,239.31,35.5
111,152.21,251.29,57.981,141.42,17.679
111,-2,-8,164,400,2.516
112,261.89,185.92,69.155,168.67,116.93
112,71,60,82,200,21.101
112,375.71,17.143,117.14,285.71,6.4645
113,251.67,126.67,136.67,333.33,80.669
113,47,164,82,200,21.009
113,332.05,91.636,89.691,218.76,14.027
113,288.59,64.158,48.643,118.64,13.378
114,313.08,126.15,63.077,153.85,53.291
114,127.72,144.59,48.643,118.64,45.553
114,121.54,190.77,126.15,307.69,39.091
114,357.27,263.4,44.668,108.95,36.214
114,259.57,173.11,107.29,261.69,31.816
114,231.5,98,41,100,23.919
114,198.33,220,136.67,333.33,21.979
114,47.5,162,41,100,21.949
114,181.2,148.06,98.115,239.31,21.058
115,201.82,181.82,149.09,363.64,141.44
115,141.13,212.21,69.155,168.67,37.383
115,17.692,200,63.077,153.85,36.101
115,303.38,165.05,69.155,168.67,28.685
115,80.308,143.45,75.524,184.2,17.301
115,50.118,206.73,57.981,141.42,14.056
115,351.5,166,41,100,9.2299
115,43.091,171.97,44.668,108.95,7.3337
116,338.77,143.45,75.524,184.2,118.3
116,152.14,112.43,176.63,430.8,118.11
116,301.85,143.45,75.524,184.2,82.622
116,375,124,82,200,56.421
116,59.5,202,41,100,36.4
116,383,180,82,200,15.958
117,185,153.33,136.67,333.33,139.41
117,158.33,86.667,136.67,333.33,39.567
117,119,148,82,200,28.291
117,63,52,82,200,20.596
117,-1.3043,36.721,107.29,261.69,19.176
118,201.82,152.73,149.09,363.64,104.41
118,319.35,188.39,52.903,129.03,42.056
118,63.5,162,41,100,23.886
118,188.45,84.211,69.155,168.67,15.426
118,352.91,128.44,44.668,108.95,14.245
118,368.46,138.46,63.077,153.85,10.258
118,89.703,106.67,48.643,118.64,4.6534
118,270,450.61,44.668,108.95,3.6457
119,174,120,164,400,152.41
119,110,120,164,400,34.84
119,384.51,205.47,69.155,168.67,29.42
119,427.5,214,41,100,21.353
119,237.86,112.43,176.63,430.8,16.389
120,100,152.73,149.09,363.64,126.2
120,238,136,164,400,107.5
120,60,227.69,126.15,307.69,14.848
120,123.23,90.323,52.903,129.03,10.132
121,169.29,112.43,176.63,430.8,83.696
121,94.8,262.69,98.115,239.31,20.491
122,132,87.273,197.95,482.8,120.62
122,338.77,121.38,75.524,184.2,98.825
122,42.308,298.46,63.077,153.85,36.601
122,298.71,353.55,52.903,129.03,22.819
122,270,120.66,107.29,261.69,17.604
122,11.538,310.77,63.077,153.85,10.493
123,186.43,95.135,176.63,430.8,100.17
123,356.73,39.452,89.691,218.76,99.304
123,334.84,121.29,52.903,129.03,52.855
123,61.188,2.3704,48.643,118.64,20.564
123,435.5,106,41,100,13.381
124,114.55,152.73,149.09,363.64,123.81
124,289.29,95.135,176.63,430.8,92.074
124,38.333,180,136.67,333.33,67.67
124,-0.70588,161.42,57.981,141.42,1.8961
125,169.29,112.43,176.63,430.8,110.01
125,122.31,70.769,63.077,153.85,30.946
125,296.4,62.09,98.115,239.31,24.67
125,47.455,241.63,44.668,108.95,20.134
125,405.27,128.44,44.668,108.95,19.731
125,23.846,89.231,63.077,153.85,17.194
125,134.73,237.28,44.668,108.95,7.5529
125,30,250.34,44.668,108.95,4.1997
126,315.6,224.48,98.115,239.31,143.02
126,144.78,225.57,107.29,261.69,108.67
127,145,180,136.67,333.33,108.79
127,269.23,203.08,126.15,307.69,83.311
127,234.55,153.42,89.691,218.76,40.668
127,33.176,110.44,57.981,141.42,27.111
127,263.85,3.0769,63.077,153.85,11.011
128,206,104,164,400,112.91
128,94,88,164,400,106.46
128,412.87,30.815,48.643,118.64,26.364
128,107.74,441.29,52.903,129.03,13.403
128,142,136,164,400,10.64
128,274.55,138.18,149.09,363.64,5.3078
129,49.286,181.62,176.63,430.8,122.85
129,208.8,106.67,197.95,482.8,101.93
130,110,104,164,400,87.417
130,222,120,164,400,72.948
130,16.8,67.879,197.95,482.8,64.387
131,176.31,209.66,75.524,184.2,121.93
131,127.61,212.21,69.155,168.67,102.07
131,153.08,236.92,63.077,153.85,31.938
132,238.7,173.11,107.29,261.69,127.31
132,165.65,183.61,107.29,261.69,102.76
132,303.38,158.32,69.155,168.67,31.643
132,134.73,259.05,44.668,108.95,23.58
133,200.4,224.48,98.115,239.31,131.48
133,435.82,189.39,44.668,108.95,32.763
133,61.29,162.58,52.903,129.03,29.892
133,244.62,129.23,126.15,307.69,24.31
133,175.5,150,41,100,9.8119
134,318.33,73.333,136.67,333.33,117.95
134,232.31,104.62,126.15,307.69,83.468
134,143.5,82,41,100,46.699
134,87.097,80,52.903,129.03,37.124
134,108.3,198.55,44.668,108.95,34.543
134,269.23,55.385,126.15,307.69,22.944
134,159.35,69.677,52.903,129.03,19.033
134,117.01,58.909,44.668,108.95,18.169
135,448.46,175.38,63.077,153.85,145.54
135,103.7,211.49,48.643,118.64,111.65
135,197.52,183.53,57.981,141.42,109.16
135,380.77,181.54,63.077,153.85,103.08
135,231.5,183.53,57.981,141.42,92.617
135,175.5,198,41,100,89.848
135,288.14,183.53,57.981,141.42,84.484
135,135.5,198,41,100,57.603
135,254.16,183.53,57.981,141.42,48.749
135,81.935,203.87,52.903,129.03,40.79
135,127.5,230,41,100,35.805
135,473.08,175.38,63.077,153.85,28.41
135,524.63,138.59,69.155,168.67,21.588
135,23,108,82,200,17.714
135,587.5,134,41,100,16.586
135,494.84,224.52,52.903,129.03,11.218
135,313.08,181.54,63.077,153.85,5.1796
135,435.4,211.76,57.981,141.42,4.7914
136,478.37,93.818,44.668,108.95,129.44
136,302,56,164,400,106.69
136,211.67,113.33,136.67,333.33,97.935
136,87.5,102,41,100,59.662
136,73.469,76.364,44.668,108.95,47.039
136,131.5,94,41,100,29.583
136,447.89,72,44.668,108.95,28.255
136,555.5,90,41,100,26.31
136,525.63,30.891,48.643,118.64,25.834
136,487.07,72,44.668,108.95,18.218
136,565.66,256.94,57.981,141.42,16.217
136,179.5,82,41,100,15.189
136,467.5,74,41,100,7.8335
136,549.33,249.5,48.643,118.64,3.3623
137,292.46,140.87,107.29,261.69,119.08
137,170.75,158.4,98.115,239.31,115.92
137,237.61,158.4,98.115,239.31,109.38
137,233.08,46.154,63.077,153.85,29.12
137,142.09,52.8,98.115,239.31,24.476
137,42.74,39.273,89.691,218.76,16.645
137,407.08,183.53,57.981,141.42,16.504
137,429.23,6.1538,126.15,307.69,8.9586
138,228.06,148.8,98.115,239.31,75.126
138,319,132,82,200,74.343
138,191.5,142,41,100,57.244
138,207.5,138,41,100,46.508
138,273.74,19.636,44.668,108.95,21.861
138,491.95,84.923,75.524,184.2,16.203
138,173.61,150.55,44.668,108.95,12.603
139,200.55,91.636,89.691,218.76,148.25
139,143,100,82,200,118.31
139,303,100,82,200,112.43
139,367.12,82.909,89.691,218.76,108.76
139,104.11,65.455,89.691,218.76,80.043
139,282.11,70.986,69.155,168.67,57.416
139,239,108,82,200,47.033
139,84.741,206.73,48.643,118.64,9.717
139,165.48,56.727,89.691,218.76,4.6471
140,183.08,67.692,126.15,307.69,108.58
140,318.46,67.692,126.15,307.69,98.152
140,466.15,43.077,126.15,307.69,91.034
140,135.71,62.857,117.14,285.71,55.328
140,143.5,18,41,100,36.691
140,466.15,153.85,126.15,307.69,27.393
140,59.5,54,41,100,21.584
140,349.59,248.73,89.691,218.76,13.686
140,235.5,342,41,100,7.8118
141,259.82,177.88,57.981,141.42,95.874
141,202.31,187.69,63.077,153.85,76.848
141,296.99,152.73,89.691,218.76,70.892
141,447.82,158.77,75.524,184.2,65.964
141,182.31,181.09,44.668,108.95,59.954
141,374.62,181.54,63.077,153.85,53.202
141,239.5,178,41,100,48.923
141,164.52,353.55,52.903,129.03,40.658
141,519,164,82,200,33.297
141,65.778,149.7,48.643,118.64,15.697
141,147.5,382,41,100,14.897
141,410.11,240,69.155,168.67,9.1387
141,61.037,182.97,48.643,118.64,8.7993
141,234.95,240,69.155,168.67,5.7246
141,-0.76923,144.62,63.077,153.85,-0.021814
142,265,100,136.67,333.33,94.131
142,426.07,130.69,48.643,118.64,50.115
142,520.65,126.45,52.903,129.03,18.337
143,228.06,148.8,98.115,239.31,112.89
143,329.26,152.11,69.155,168.67,39.442
143,270.68,178.91,89.691,218.76,15.189
144,247,172,82,200,113.27
144,332.05,170.18,89.691,218.76,112.61
144,311.5,190,41,100,37.41
144,395.5,190,41,100,37.38
144,390.09,110.12,57.981,141.42,35.953
144,395.5,74,41,100,7.6273
145,263.85,181.54,63.077,153.85,116.58
145,214.62,187.69,63.077,153.85,111.05
145,410.11,199.44,69.155,168.67,99.96
145,355.48,224.52,52.903,129.03,90.968
145,458.05,223.06,57.981,141.42,70.374
145,-0.5,190,41,100,64.395
145,239.23,181.54,63.077,153.85,18.386
145,446.73,251.29,57.981,141.42,16.594
145,475.04,240,57.981,141.42,14.426
146,330,131.43,117.14,285.71,93.803
146,256.92,116.92,126.15,307.69,92.794
146,155.85,59.406,48.643,118.64,22.844
146,479.5,102,41,100,9.8115
146,376.39,161.74,107.29,261.69,9.5059
147,341.43,120,117.14,285.71,122.92
147,122.99,120,98.115,239.31,74.299
147,244.38,144,89.691,218.76,68.863
147,428.85,109.57,107.29,261.69,62.736
147,305.75,144,89.691,218.76,58.392
148,393.42,170.18,89.691,218.76,121.75
148,263.5,198,41,100,108.92
148,179.56,178.22,48.643,118.64,103.05
148,330.11,180.92,75.524,184.2,101.48
148,222.22,178.22,48.643,118.64,101.14
148,477.24,180.92,75.524,184.2,100.4
148,358.36,161.45,89.691,218.76,31.887
148,198.52,182.97,48.643,118.64,21.399
148,530.97,121.29,52.903,129.03,18.69
148,241.19,178.22,48.643,118.64,15.208
148,164.52,136.77,52.903,129.03,13.994
148,288.84,158.87,69.155,168.67,10.742
148,212.74,154.46,48.643,118.64,9.6361
148,510,218.46,63.077,153.85,8.817
148,177.96,89.455,44.668,108.95,8.5648
149,170,142.86,117.14,285.71,128.56
149,323.29,161.45,89.691,218.76,124.54
149,435.5,194,41,100,114.77
149,563.56,159.21,48.643,118.64,76.8
149,388.15,182.97,48.643,118.64,55.406
149,216.36,65.455,149.09,363.64,37.768
149,45.806,270.97,52.903,129.03,36.14
149,478.37,159.27,44.668,108.95,23.474
149,130.07,194.18,44.668,108.95,23.05
149,506.67,149.7,48.643,118.64,17.414
149,419.5,190,41,100,16.277
149,525.63,149.7,48.643,118.64,12.816
149,582.52,163.96,48.643,118.64,11.564
149,347.5,318,41,100,10.751
149,451.5,198,41,100,6.8478
150,349.47,185.92,69.155,168.67,131.28
150,399.23,187.69,63.077,153.85,122.49
150,261.89,192.68,69.155,168.67,93.459
150,313.08,200,63.077,153.85,84.615
150,507.5,314,41,100,30.217
150,565.66,330.35,57.981,141.42,26.029
150,299.86,277.09,44.668,108.95,22.215
150,118.23,110.12,57.981,141.42,20.017
150,403.37,37.183,69.155,168.67,16.757
150,257.69,144.62,63.077,153.85,15.903
150,299.5,174,41,100,9.5975
150,7.5,226,41,100,6.9953
150,376.42,50.704,69.155,168.67,4.7269
151,185,100,136.67,333.33,119.41
151,318.46,116.92,126.15,307.69,115.35
151,-0.5,106,41,100,49.533
151,467.5,94,41,100,32.371
151,511.5,158,41,100,27.511
151,571.5,158,41,100,22.284
151,299.5,234,41,100,18.669
151,526.26,154.91,44.668,108.95,14.242
151,435.56,83.168,48.643,118.64,13.381
151,134.42,58.909,44.668,108.95,9.135
151,161.19,52.8,98.115,239.31,6.0974
152,519.5,198,41,100,118.57
152,595.92,198.55,44.668,108.95,111.46
152,356.15,206.15,63.077,153.85,96.758
152,480.71,211.76,57.981,141.42,91.974
152,411.54,193.85,63.077,153.85,86.444
152,559.5,198,41,100,78.42
152,234.95,192.68,69.155,168.67,77.221
152,108.3,224.73,44.668,108.95,67.147
152,295.58,192.68,69.155,168.67,63.536
152,214.51,206.12,57.981,141.42,63.049
152,186.19,200.47,57.981,141.42,60.6
152,66.452,219.35,52.903,129.03,58.923
152,441.06,206.12,57.981,141.42,57.673
152,163.54,200.47,57.981,141.42,57.249
152,325.38,200,63.077,153.85,56.408
152,135.22,194.82,57.981,141.42,48.92
152,263.85,200,63.077,153.85,30.078
152,367.43,81.882,57.981,141.42,19.334
152,365.81,28.387,52.903,129.03,13.88
152,463.72,234.35,57.981,141.42,10.119
152,283.5,290,41,100,5.2025
152,539.32,233.45,44.668,108.95,4.4002
152,226.45,265.81,52.903,129.03,3.7946
153,330.77,104.62,126.15,307.69,138.42
153,84.776,72,98.115,239.31,131.64
153,499.31,92.308,75.524,184.2,130.3
153,443.54,102.55,44.668,108.95,100.69
153,256.92,92.308,126.15,307.69,54.587
153,439.18,72,44.668,108.95,49.873
153,231.7,182.97,48.643,118.64,43.104
153,551.23,135.27,89.691,218.76,37.384
153,483.5,90,41,100,30.058
153,153.08,83.077,63.077,153.85,25.933
153,483.5,54,41,100,22.663
153,293.85,55.385,126.15,307.69,16.645
153,435.5,166,41,100,16.306
153,211.5,378,41,100,15.824
153,214.62,107.69,63.077,153.85,11.314
153,459.5,78,41,100,6.4674
154,295.71,177.14,117.14,285.71,89.664
154,495.52,187.2,98.115,239.31,36.276
154,587.5,178,41,100,24.748
154,123.5,218,41,100,15.182
154,263,164,82,200,13.269
154,408.71,207.27,44.668,108.95,8.2128
154,583.5,254,41,100,5.5988
155,400,168,98.115,239.31,94.575
155,177.69,163.08,63.077,153.85,87.226
155,300.77,169.23,63.077,153.85,87.198
155,156.19,185.45,44.668,108.95,52.591
155,275.37,192.68,69.155,168.67,49.059
155,375,244,82,200,38.497
155,247.5,194,41,100,38.278
155,39.5,174,41,100,30.263
155,491.8,182.61,107.29,261.69,23.912
155,230.2,172.36,44.668,108.95,18.098
155,103.5,346,41,100,14.403
155,469.03,265.81,52.903,129.03,12.307
155,65.672,110.4,98.115,239.31,8.2785
155,5.8947,273.8,69.155,168.67,7.9797
155,302.32,233.24,69.155,168.67,7.7501
155,212.74,154.46,48.643,118.64,5.6573
155,278.1,312,44.668,108.95,1.993
156,323.93,140.87,107.29,261.69,104.22
156,240,151.3,107.29,261.69,87.582
156,464,131.83,69.155,168.67,37.329
156,214.74,152.11,69.155,168.67,11.419
157,293.33,166.15,75.524,184.2,44.768
158,331.67,126.67,136.67,333.33,78.388
158,208.52,130.43,107.29,261.69,76.454
158,499.5,230,41,100,61.221
158,30.323,147.1,52.903,129.03,54.448
158,184.3,235.25,48.643,118.64,28.381
158,-0.70796,127.06,57.981,141.42,14.615
158,94.713,114.46,75.524,184.2,4.8808
159,229.51,203.48,107.29,261.69,115.68
159,419.73,178.91,89.691,218.76,112.3
159,146.21,195.69,75.524,184.2,97.76
159,358.36,187.64,89.691,218.76,90.047
159,39,196,82,200,82.363
159,118.06,193.55,52.903,129.03,42.242
159,208.96,158.4,98.115,239.31,24.747
159,569.8,207.27,44.668,108.95,18.079
159,340.74,201.98,48.643,118.64,6.1964
160,216.36,109.09,149.09,363.64,90.607
160,313.44,130.43,107.29,261.69,77.337
160,520.89,130.69,48.643,118.64,62.358
160,544.59,178.22,48.643,118.64,17.144
160,21.947,121.41,57.981,141.42,16.537
160,62,56,164,400,9.7821
161,366,56,164,400,113.14
161,129.09,80,149.09,363.64,101.04
161,316.46,144,57.981,141.42,55.656
161,317.04,87.921,48.643,118.64,32.349
161,499.31,225.23,75.524,184.2,23.921
161,337.47,99.692,75.524,184.2,13.479
161,-1.6667,140,136.67,333.33,13.022
161,534.62,310.77,63.077,153.85,11.541
161,298.07,92.673,48.643,118.64,8.648
162,146.21,136.62,75.524,184.2,165.83
162,238.33,113.33,136.67,333.33,133.35
162,404.62,141.54,126.15,307.69,109.46
162,107.5,146,41,100,94.99
162,11.5,114,41,100,43.613
162,223.5,138,41,100,37.159
162,291.67,113.33,136.67,333.33,23.677
162,131.49,173.54,75.524,184.2,17.597
162,183.01,205.09,89.691,218.76,13.184
162,91.5,166,41,100,11.615
162,556.77,90.323,52.903,129.03,10.107
162,582.58,85.161,52.903,129.03,8.3495
162,42.074,106.93,48.643,118.64,7.022
163,524.93,152.73,89.691,218.76,115.93
163,295.71,120,117.14,285.71,112.44
163,146.55,183.53,57.981,141.42,108.12
163,201.26,152.11,69.155,168.67,103.1
163,463,156,82,200,87.139
163,94.222,211.49,48.643,118.64,85.462
163,433.1,151.38,75.524,184.2,77.964
163,369.68,145.35,69.155,168.67,47.93
163,256.72,168,98.115,239.31,46.267
163,495,148,82,200,44.152
163,407.08,144,57.981,141.42,39.698
163,110,163.08,63.077,153.85,30.209
163,36.154,193.85,63.077,153.85,29.815
163,238.91,98.182,44.668,108.95,28.433
163,-0.59259,235.25,48.643,118.64,17.964
163,447,196,82,200,2.4354
164,254,72,164,400,89.501
164,170.81,25.714,176.63,430.8,75.368
164,364.29,177.14,117.14,285.71,25.38
164,428.49,248.73,89.691,218.76,6.6456
165,304.48,139.2,98.115,239.31,145.1
165,237.61,148.8,98.115,239.31,111.77
165,83.5,118,41,100,37.773
165,379.5,146,41,100,26.518
165,223.5,146,41,100,23.394
165,23.5,122,41,100,18.191
165,442.31,58.462,63.077,153.85,14.583
165,179.5,122,41,100,11.409
166,256.92,116.92,126.15,307.69,135.85
166,376.39,161.74,107.29,261.69,128.09
166,112.88,4.3636,89.691,218.76,31.092
166,524.93,48,89.691,218.76,11.569
166,307.14,131.43,117.14,285.71,5.6219
167,266.27,177.6,98.115,239.31,107.86
167,449.84,151.3,107.29,261.69,96.937
167,407.87,151.3,107.29,261.69,71.572
167,208.96,187.2,98.115,239.31,63.858
167,582.86,146.18,44.668,108.95,7.2193
168,109.23,104.62,126.15,307.69,99.393
168,345,73.333,136.67,333.33,76.08
168,206,56,164,400,75.698
168,458.71,322.58,52.903,129.03,17.982
168,158.46,92.308,126.15,307.69,15.372
168,39,148,82,200,11.631
168,482.96,335.05,48.643,118.64,11.421
169,332.73,65.455,149.09,363.64,107.66
169,201.82,65.455,149.09,363.64,91.876
169,462.53,92.308,75.524,184.2,85.712
169,442.31,33.846,63.077,153.85,30.234
169,21.947,166.59,57.981,141.42,17.612
169,163.5,126,41,100,14.74
169,83.5,126,41,100,14.677
170,393.42,161.45,89.691,218.76,127.28
170,208.96,139.2,98.115,239.31,110.4
170,449.78,268.51,48.643,118.64,33.03
170,477.24,33.231,75.524,184.2,22.612
171,171.67,126.67,136.67,333.33,106.65
171,296.99,240,89.691,218.76,90.611
171,356.21,233.24,69.155,168.67,85.243
171,8.8889,192.48,48.643,118.64,69.474
171,149.03,276.13,52.903,129.03,47.096
171,359.54,158.77,75.524,184.2,45.422
171,61.639,130.43,107.29,261.69,42.866
171,287,140,82,200,40.542
171,72.644,299.08,75.524,184.2,25.09
171,256.72,235.2,98.115,239.31,19.728
171,123.89,273.88,57.981,141.42,13.426
171,475.04,53.647,57.981,141.42,12.98
171,343.4,168,44.668,108.95,5.2229
171,452.24,76.364,44.668,108.95,1.6461
172,380.9,168,98.115,239.31,106.19
172,489.86,178.91,89.691,218.76,103.58
172,303,196,82,200,97.065
172,65,60,136.67,333.33,62.66
172,95,276,82,200,17.516
173,286,56,164,400,123.65
173,438.33,60,136.67,333.33,117.01
173,46,72,164,400,102.51
173,158,56,164,400,93.265
173,114.55,123.64,149.09,363.64,26.484
173,543.01,93.176,57.981,141.42,20.634
174,492.04,155.29,57.981,141.42,129.95
174,256.72,168,98.115,239.31,124.45
174,330.11,151.38,75.524,184.2,88.219
174,458.05,155.29,57.981,141.42,77.889
174,435.5,150,41,100,66.105
174,530.61,146.18,44.668,108.95,34.996
174,587.5,142,41,100,11.988
175,250,131.43,117.14,285.71,102.42
175,91.5,134,41,100,82.561
175,471.5,82,41,100,46.732
175,276.15,323.08,63.077,153.85,12.183
176,293.85,129.23,126.15,307.69,144.45
176,495.5,190,41,100,53.183
176,160.59,135.45,48.643,118.64,47.387
176,143.13,141.82,44.668,108.95,44.193
176,442.31,120,63.077,153.85,36.484
176,169.68,100.65,52.903,129.03,30.561
176,508.84,128.73,44.668,108.95,21.959
176,238.33,100,136.67,333.33,21.231
176,376.42,152.11,69.155,168.67,20.755
176,95.5,122,41,100,19.591
176,187.5,182,41,100,13.66
176,284.29,40,117.14,285.71,7.5955
177,106.9,121.41,57.981,141.42,120.88
177,165.38,107.69,63.077,153.85,106.82
177,261.43,120,117.14,285.71,94.875
177,339.12,110.12,57.981,141.42,54.227
177,239.5,98,41,100,32.924
177,350.32,59.355,52.903,129.03,14.901
178,355.38,116.92,126.15,307.69,107.39
178,132.54,148.8,98.115,239.31,96.565
178,225,140,136.67,333.33,96.231
178,111,124,82,200,77.732
178,198.52,140.2,48.643,118.64,60.315
178,468.74,163.96,48.643,118.64,56.766
178,71.5,146,41,100,14.18
179,135.71,131.43,117.14,285.71,111.01
179,253.15,152.73,89.691,218.76,98.973
179,412.74,115.76,57.981,141.42,67.794
179,460.95,141.82,44.668,108.95,16.355
179,263,252,82,200,13.916
179,312.3,149.7,48.643,118.64,13.57
179,371.5,130,41,100,12.24
179,42.074,97.426,48.643,118.64,10.523
179,91.5,134,41,100,8.3909
179,185.16,338.06,52.903,129.03,4.5572
180,478.33,100,136.67,333.33,94.051
180,156.07,130.43,107.29,261.69,83.73
180,455.17,262.15,75.524,184.2,31.57
180,95.5,178,41,100,16.697
180,66.452,100.65,52.903,129.03,12.851
180,107.74,198.71,52.903,129.03,7.0696
180,345.16,214.19,52.903,129.03,6.9871
181,475.04,189.18,57.981,141.42,95.033
181,327,204,82,200,91.715
181,520.89,187.72,48.643,118.64,64.23
181,7.5,242,41,100,19.423
181,368.46,224.62,63.077,153.85,17.012
181,454.52,201.98,48.643,118.64,12.059
181,522.31,236.92,63.077,153.85,8.2163
181,311,244,82,200,6.488
181,411.5,230,41,100,1.2457
182,271.48,203.48,107.29,261.69,101.53
182,313.44,193.04,107.29,261.69,73.276
182,160.54,259.64,44.668,108.95,19.848
182,43.5,210,41,100,19.226
182,107.5,2,41,100,15.211
182,191.5,266,41,100,14.453
182,131.5,210,41,100,10.906
182,47.5,254,41,100,9.023
183,199.4,158.4,98.115,239.31,132.56
183,314.52,152.73,89.691,218.76,95.44
183,179.56,130.69,48.643,118.64,53.122
183,182.31,237.82,44.668,108.95,9.5795
183,344.78,285.18,57.981,141.42,7.591
184,208.52,109.57,107.29,261.69,136.96
184,300.69,121.85,75.524,184.2,44.375
184,319.5,294,41,100,38.379
184,11.5,66,41,100,21.99
184,363.5,330,41,100,13.211
184,51.5,62,41,100,4.3852
185,131.67,73.333,136.67,333.33,121.74
185,256.92,104.62,126.15,307.69,113.23
185,12.632,84.507,69.155,168.67,48.818
185,56.129,167.74,52.903,129.03,20.023
185,56.129,49.032,52.903,129.03,18.894
185,94.222,54.653,48.643,118.64,13.223
185,51.556,102.18,48.643,118.64,1.7889
186,215.71,108.57,117.14,285.71,105.58
186,135.08,120,107.29,261.69,78.874
187,261.92,152.73,89.691,218.76,152.77
187,174.84,147.1,52.903,129.03,151.72
187,221.5,159.27,44.668,108.95,113.18
187,204.08,150.55,44.668,108.95,62.565
187,288.22,178.91,89.691,218.76,26.772
187,123.89,132.71,57.981,141.42,11.438
188,281.97,120,107.29,261.69,107.24
188,341.43,97.143,117.14,285.71,88.129
188,115.5,126,41,100,63.141
188,159.5,90,41,100,34.014
188,191.86,64.941,57.981,141.42,33.855
188,43.5,134,41,100,24.469
188,75.5,126,41,100,22.816
188,255.41,116.44,48.643,118.64,21.529
188,87.5,86,41,100,15.092
188,431,188,82,200,12.902
188,216.13,90.323,52.903,129.03,10.1
188,430.48,137.45,44.668,108.95,9.9719
189,174.25,144,89.691,218.76,135.68
189,255,148,82,200,109.92
189,140.88,172.24,57.981,141.42,108.76
189,66.526,145.35,69.155,168.67,93.642
189,296.99,178.91,89.691,218.76,92.41
189,15.5,302,41,100,19.588
190,238.57,108.57,117.14,285.71,131.94
190,431,164,82,200,111.73
190,217.14,128.73,44.668,108.95,55.217
190,411.85,249.5,48.643,118.64,41.386
190,322.12,132.71,57.981,141.42,31.875
190,351.5,118,41,100,22.787
190,335.5,214,41,100,20.452
190,365.81,136.77,52.903,129.03,12.727
190,450.53,91.268,69.155,168.67,1.1047
191,260,109.09,149.09,363.64,92.901
191,110,72,164,400,74.029
191,14,72,164,400,50.234
191,465,113.33,136.67,333.33,48.464
191,218.08,248.73,89.691,218.76,21.441
191,318.18,109.09,149.09,363.64,13.516
191,398.57,120,117.14,285.71,11.07
192,111.43,34.286,234.29,571.43,141.83
192,54.615,353.85,63.077,153.85,72.717
192,46.931,310.52,48.643,118.64,37.452
192,202.86,57.143,234.29,571.43,34.986
192,54.615,415.38,63.077,153.85,11.303
192,407.1,286.45,52.903,129.03,10.325
193,185,60,136.67,333.33,118.4
193,81.935,54.194,52.903,129.03,53.008
193,103.7,59.406,48.643,118.64,40.78
193,288.84,104.79,69.155,168.67,24.131
193,256.72,168,98.115,239.31,18.649
193,125.71,98.182,44.668,108.95,18.012
193,143.87,105.81,52.903,129.03,4.3454
194,318.18,65.455,149.09,363.64,154.01
194,185,86.667,136.67,333.33,108.8
194,5.3846,70.769,63.077,153.85,106.2
194,535,76,82,200,39.049
194,260,65.455,149.09,363.64,22.847
194,443.54,246.55,44.668,108.95,20.989
194,577.69,126.15,63.077,153.85,18.252
194,482.96,78.416,48.643,118.64,16.111
194,506.67,166.15,75.524,184.2,15.366
195,318.46,80,126.15,307.69,113.07
195,543.5,98,41,100,92.169
195,269.23,104.62,126.15,307.69,25.212
195,470.74,23.662,69.155,168.67,15.065
195,411.54,89.231,63.077,153.85,7.9613
195,559.5,102,41,100,7.2512
195,578.5,67.636,44.668,108.95,5.1116
195,403.37,212.96,69.155,168.67,2.007
196,231,116,82,200,114.95
196,300.69,144,75.524,184.2,84.525
196,511.16,307.61,69.155,168.67,78.818
196,536.09,291.69,75.524,184.2,44.08
196,39.5,114,41,100,33.477
196,-1.0959,213.82,89.691,218.76,23.146
196,19.5,126,41,100,12.474
196,343.4,128.73,44.668,108.95,6.885
197,439.5,126,41,100,140.48
197,250,142.86,117.14,285.71,125.26
197,473.48,116.44,48.643,118.64,111.14
197,42.308,101.54,63.077,153.85,42.937
197,582.86,137.45,44.668,108.95,35.983
197,331.5,90,41,100,35.414
197,18.37,49.901,48.643,118.64,35.065
197,371.5,70,41,100,24.336
197,491.54,64.615,63.077,153.85,21.593
197,95.238,120,44.668,108.95,17.714
197,35.5,282,41,100,15.169
198,183.08,153.85,126.15,307.69,133.65
198,553.08,113.85,63.077,153.85,71.632
198,250.49,161.74,107.29,261.69,46.47
198,582.52,358.81,48.643,118.64,44.077
198,447.89,346.91,44.668,108.95,34.801
198,307.14,40,117.14,285.71,34.045
198,46.567,139.2,98.115,239.31,33.497
198,577.69,3.0769,63.077,153.85,29.035
198,112.88,144,89.691,218.76,23.02
198,147.95,144,89.691,218.76,17.158
198,552.38,76.364,44.668,108.95,13.32
198,279.5,118,41,100,9.474
198,294.93,244.8,98.115,239.31,7.6769
198,495.5,374,41,100,1.3509
199,250.49,140.87,107.29,261.69,103.97
199,156.07,151.3,107.29,261.69,99.662
199,43.5,206,41,100,47.545
199,79.5,214,41,100,30.09
199,4.5161,95.484,52.903,129.03,17.767
199,28.506,84.923,75.524,184.2,15.441
199,228.21,273.8,69.155,168.67,13.544
199,103.88,110.4,98.115,239.31,13.006
199,415.5,190,41,100,12.214
199,63.5,214,41,100,5.0265
200,295,132,82,200,102.86
200,430,72,164,400,92.891
200,73.077,132.31,63.077,153.85,88.366
200,263.91,121.85,75.524,184.2,72.595
200,108.3,150.55,44.668,108.95,57.766
200,319.23,224.62,63.077,153.85,18.193
200,344.78,200.47,57.981,141.42,14.233
200,47.5,118,41,100,10.2
201,270,8,164,400,70.621
201,458.71,203.87,52.903,129.03,45.295
201,208.44,207.27,44.668,108.95,37.928
201,247.62,285.82,44.668,108.95,31.286
201,577.78,216.24,48.643,118.64,26.593
201,259.5,322,41,100,19.41
201,389.89,246.76,69.155,168.67,19.385
201,480.71,189.18,57.981,141.42,18.898
201,526.26,207.27,44.668,108.95,17.835
201,227.13,121.85,75.524,184.2,16.725
201,526.02,251.29,57.981,141.42,16.336
201,20,188.39,52.903,129.03,10.084
201,453.55,255.48,52.903,129.03,9.3633
201,127.5,218,41,100,8.4619
201,131.5,42,41,100,6.2618
201,203.5,174,41,100,3.0159
201,430.81,259.01,48.643,118.64,2.0907
202,291.67,46.667,136.67,333.33,126.35
202,294.93,225.6,98.115,239.31,9.7543
202,591.5,106,41,100,7.396
203,281.54,67.692,126.15,307.69,123.66
203,212.74,240,48.643,118.64,27.21
203,350.44,285.18,57.981,141.42,25.981
203,259.5,254,41,100,12.584
203,365.81,322.58,52.903,129.03,2.9336
204,170.81,25.714,176.63,430.8,121.69
204,340.74,306.53,48.643,118.64,33.069
204,365.81,353.55,52.903,129.03,5.9497
205,225,46.667,136.67,333.33,87.265
205,170.07,230.5,48.643,118.64,34.664
205,322.12,273.88,57.981,141.42,17.631
205,196.15,169.23,63.077,153.85,3.4458
206,265,60,136.67,333.33,121.12
206,243.5,282,41,100,19.917
207,187.27,50.909,149.09,363.64,88.343
207,135,252,82,200,38.286
207,127.16,98.028,69.155,168.67,30.778
207,117.01,181.09,44.668,108.95,18.239
208,291.67,46.667,136.67,333.33,92.555
208,228.21,212.96,69.155,168.67,17.157
208,568.3,49.901,48.643,118.64,15.376
208,275.5,242,41,100,6.3307
209,291.89,25.714,176.63,430.8,111.02
209,222.7,42.857,176.63,430.8,32.135
209,474.01,154.91,44.668,108.95,27.402
209,437.26,240,89.691,218.76,22.806
209,155.5,82,41,100,13.913
209,459.5,150,41,100,2.9396
210,293.85,80,126.15,307.69,67.779
210,250,85.714,117.14,285.71,28.559
210,271.5,326,41,100,20.663
210,356.11,319.06,57.981,141.42,11.369
211,238,24,164,400,78.311
211,180.53,273.88,57.981,141.42,33.172
211,350.22,349.31,48.643,118.64,24.389
211,29.932,85.091,44.668,108.95,8.7307
211,51.701,85.091,44.668,108.95,2.3587
212,238,8,164,400,69.053
212,208,300.85,69.155,168.67,45.487
212,369.68,260.28,69.155,168.67,36.525
212,407,268,82,200,17.674
212,393.08,218.46,63.077,153.85,10.328
212,82.177,98.182,44.668,108.95,9.7033
212,278.62,291.69,75.524,184.2,8.7144
212,191.02,307.64,44.668,108.95,8.3407
212,3.8095,106.91,44.668,108.95,6.1537
213,206,40,164,400,127.09
213,574.15,368.73,44.668,108.95,44.255
213,555.5,382,41,100,9.6338
214,225,60,136.67,333.33,113.24
214,567.5,378,41,100,26.346
214,582.86,373.09,44.668,108.95,16.348
215,305,33.333,136.67,333.33,95.585
215,248.5,256.94,57.981,141.42,46.027
215,189.04,268.51,48.643,118.64,34.3
215,571.5,382,41,100,28.985
215,11.5,86,41,100,20.51
215,369.52,312,44.668,108.95,7.5153
216,216.36,36.364,149.09,363.64,112.53
216,169.2,240,57.981,141.42,44.025
216,294.93,196.8,98.115,239.31,7.546
217,158.33,46.667,136.67,333.33,116.94
217,167.58,280.56,69.155,168.67,55.615
217,321.78,259.01,48.643,118.64,18.602
217,475.5,94,41,100,9.2579
217,82.177,102.55,44.668,108.95,5.9602
218,251.67,46.667,136.67,333.33,102.81
218,313.08,292.31,63.077,153.85,55.854
218,205.81,255.48,52.903,129.03,49.147
218,226.45,250.32,52.903,129.03,31.853
219,222,24,164,400,95.227
219,368.46,255.38,63.077,153.85,39.679
220,270,40,164,400,51.926
220,242.83,262.59,57.981,141.42,43.219
220,248.5,217.41,57.981,141.42,22.596
220,423.58,300.85,69.155,168.67,19.813
220,46.815,106.93,48.643,118.64,14.09
220,441.06,256.94,57.981,141.42,11.011
220,535.5,106,41,100,5.3809
220,71.5,122,41,100,5.2562
220,212.79,298.91,44.668,108.95,3.4516
221,238,24,164,400,127.89
221,352.18,247.38,75.524,184.2,72.287
221,599.5,378,41,100,39.201
221,87.5,98,41,100,7.33
222,254,40,164,400,101.54
222,171.54,280,63.077,153.85,21.589
222,226.92,298.46,63.077,153.85,18.164
222,234.56,133.09,44.668,108.95,17.077
223,238.57,51.429,117.14,285.71,88.784
223,276.81,324.71,57.981,141.42,67.603
223,427.74,265.81,52.903,129.03,53.534
223,393.08,236.92,63.077,153.85,28.133
223,319.23,298.46,63.077,153.85,21.761
223,103.5,94,41,100,14.312
224,195.38,30.769,126.15,307.69,101.84
224,270,273.85,63.077,153.85,55.823
224,282.31,181.54,63.077,153.85,31.585
224,19.5,46,41,100,19.91
225,230.91,36.364,149.09,363.64,125.93
225,323.58,196.8,98.115,239.31,36.876
225,309.05,300.85,69.155,168.67,23.826
225,215.71,188.57,117.14,285.71,21.679
226,244.62,55.385,126.15,307.69,83.838
226,191.02,229.09,44.668,108.95,28.139
226,19.5,98,41,100,24.803
226,291.5,318,41,100,9.5612
226,42.993,102.55,44.668,108.95,9.4644
226,323.58,187.2,98.115,239.31,9.1926
227,278.33,46.667,136.67,333.33,79.688
227,168.28,284.31,75.524,184.2,30.957
227,425,126.67,136.67,333.33,15.389
227,524.93,100.36,89.691,218.76,5.7562
228,216.36,50.909,149.09,363.64,76.491
228,174.81,220.99,48.643,118.64,16.759
228,503.5,338,41,100,9.7347
229,222.7,42.857,176.63,430.8,80.441
229,303.64,80,149.09,363.64,52.984
229,174.81,211.49,48.643,118.64,21.514
229,571.5,26,41,100,11.939
229,548.67,183.53,57.981,141.42,2.722
229,195.37,255.27,44.668,108.95,0.67798
230,376.36,50.909,149.09,363.64,96.392
230,208.85,121.41,57.981,141.42,40.685
230,177.69,138.46,63.077,153.85,30.676
230,149.03,121.29,52.903,129.03,27.995
230,116.15,138.46,63.077,153.85,22.807
230,118.06,80,52.903,129.03,20.026
230,241.19,130.69,48.643,118.64,19.611
230,259.82,132.71,57.981,141.42,11.015
230,281.97,5.2174,107.29,261.69,6.8575
230,187.5,70,41,100,5.9844
231,206,40,164,400,65.312
231,146.92,126.15,63.077,153.85,32.873
231,171.54,126.15,63.077,153.85,23.055
231,410,-5.7143,117.14,285.71,21.338
231,369.68,111.55,69.155,168.67,19.787
231,337.69,113.85,63.077,153.85,18.934
231,79.231,138.46,63.077,153.85,17.16
231,-0.64516,162.58,52.903,129.03,12.71
231,499.5,186,41,100,10.941
231,59.5,190,41,100,8.6501
231,151.11,68.911,48.643,118.64,2.8205
232,306.15,43.077,126.15,307.69,93.979
232,153.56,33.231,75.524,184.2,64.059
232,440.3,225.74,48.643,118.64,51.183
232,582.86,172.36,44.668,108.95,35.631
232,259.82,206.12,57.981,141.42,34.285
232,443.79,300.85,69.155,168.67,26.14
232,131.49,62.769,75.524,184.2,20.302
232,241.94,224.52,52.903,129.03,20.147
233,367.69,18.462,126.15,307.69,87.756
234,254,40,164,400,97.777
234,452.24,150.55,44.668,108.95,31.286
234,467.5,170,41,100,23.18
234,519.5,130,41,100,15.076
234,225.84,324.71,57.981,141.42,12.236
234,330.77,153.85,126.15,307.69,7.6869
235,361.08,42.857,176.63,430.8,113.16
235,250.67,320.79,48.643,118.64,35.729
236,270,40,164,400,99.816
236,181.05,280.56,69.155,168.67,45.198
236,135.22,330.35,57.981,141.42,23.224
237,286,24,164,400,110.22
237,168.28,284.31,75.524,184.2,8.6209
237,288.39,343.23,52.903,129.03,8.0235
238,206,24,164,400,102.6
238,174.25,196.36,89.691,218.76,22.56
239,257.3,42.857,176.63,430.8,105.08
239,175.5,174,41,100,33.38
239,207.5,342,41,100,31.989
239,191.02,159.27,44.668,108.95,26.43
239,163.54,330.35,57.981,141.42,17.871
240,270,56,164,400,89.56
240,475.5,78,41,100,19.63
240,332.73,109.09,149.09,363.64,15.079
241,257.3,25.714,176.63,430.8,86.567
242,257.3,25.714,176.63,430.8,71.263
242,228.21,267.04,69.155,168.67,16.705
242,208,300.85,69.155,168.67,11.951
242,475.5,42,41,100,8.9926
243,303.64,50.909,149.09,363.64,77.47
243,267.5,314,41,100,26.046
244,211.67,46.667,136.67,333.33,107.35
244,146.55,64.941,57.981,141.42,32.727
244,208,267.04,69.155,168.67,26.211
245,118.33,60,136.67,333.33,82.061
245,201.26,253.52,69.155,168.67,20.827
245,323.5,202,41,100,16.722
246,257.3,42.857,176.63,430.8,29.532
246,567.5,122,41,100,14.325
246,79.5,110,41,100,1.5585
247,240,25.714,176.63,430.8,64.691
247,561.09,146.18,44.668,108.95,11.882
247,358.33,140,136.67,333.33,8.1066
248,271.48,46.957,107.29,261.69,70.429
248,180.53,240,57.981,141.42,21.343
248,47,52,82,200,16.207
248,250.49,203.48,107.29,261.69,7.7402
248,159.23,3.0769,63.077,153.85,5.5813
249,245.45,50.909,149.09,363.64,81.616
249,111.5,262,41,100,22.471
249,226.96,244.75,48.643,118.64,15.338
250,171.67,60,136.67,333.33,57.773
250,261.89,233.24,69.155,168.67,25.119
250,319.35,265.81,52.903,129.03,23.406
250,339.12,313.41,57.981,141.42,16.49
250,135.5,286,41,100,7.4423
251,185,33.333,136.67,333.33,81.305
251,309.03,245.16,52.903,129.03,20.183
251,44.602,110.12,57.981,141.42,8.4241
251,167.5,258,41,100,6.0502
251,378.67,316.04,48.643,118.64,5.1682
252,288.48,-9.6,197.95,482.8,56.885
253,208,260.28,69.155,168.67,12.885
253,356.11,273.88,57.981,141.42,8.4916
254,206,-8,164,400,25.731
254,416.84,307.61,69.155,168.67,19.593
254,95.5,22,41,100,18.629
254,112.65,10.909,44.668,108.95,17.535
254,47.347,2.1818,44.668,108.95,16.836
254,347.5,218,41,100,10.693
254,199.73,320.73,44.668,108.95,10.392
254,378.67,358.81,48.643,118.64,2.9172
255,315.79,23.662,69.155,168.67,67.668
255,282.11,30.423,69.155,168.67,23.468
255,223.5,142,41,100,8.5853
255,103.5,294,41,100,6.3157
255,380.77,261.54,63.077,153.85,6.1275
256,299.47,53.647,57.981,141.42,43.73
256,279,180,82,200,32.436
256,215.71,85.714,117.14,285.71,16.952
256,283.23,43.871,52.903,129.03,7.2477
257,244.62,43.077,126.15,307.69,93.818
257,311,212,82,200,49.98
258,352.18,48,75.524,184.2,38.324
258,275.82,177.6,98.115,239.31,26.541
258,233.08,206.15,63.077,153.85,19.715
259,318.18,80,149.09,363.64,47.55
259,237.17,290.82,57.981,141.42,14.312
259,195.5,298,41,100,1.6535
260,265,33.333,136.67,333.33,44.202
261,197.52,251.29,57.981,141.42,23.984
261,329.26,212.96,69.155,168.67,17.113
262,344.92,182.61,107.29,261.69,10.98
262,240,-8.5714,176.63,430.8,10.776
264,225,46.667,136.67,333.33,76.516
264,197.7,40.615,75.524,184.2,44.092
264,210.97,270.97,52.903,129.03,17.886
264,340.74,26.139,48.643,118.64,15.433
264,295,228,82,200,13.689
264,156.71,13.091,89.691,218.76,9.0048
265,278.33,6.6667,136.67,333.33,57.378
265,242.83,313.41,57.981,141.42,27.634
265,276.81,336,57.981,141.42,24.543
265,314.52,213.82,89.691,218.76,12.33
265,293.55,307.1,52.903,129.03,8.1053
265,371.34,139.2,98.115,239.31,4.1118
266,281.54,18.462,126.15,307.69,54.971
266,278.06,343.23,52.903,129.03,33.24
266,248.5,319.06,57.981,141.42,32.763
266,299.86,312,44.668,108.95,16.956
266,359,172,82,200,10.311
267,306.92,46.154,63.077,153.85,53.209
267,174,-8,164,400,33.414
267,124.59,120,107.29,261.69,26.76
267,298.71,286.45,52.903,129.03,19.551
267,127.41,59.406,48.643,118.64,17.736
268,216.36,7.2727,149.09,363.64,63.999
268,171.67,60,136.67,333.33,12.241
268,343.85,280,63.077,153.85,1.3173
269,222,56,164,400,85.726
269,478.22,220.99,48.643,118.64,32.214
269,504.49,233.45,44.668,108.95,31.271
269,75.224,196.8,98.115,239.31,26.799
269,582.65,200.47,57.981,141.42,21.947
269,365.9,67.826,107.29,261.69,21.822
269,525.63,230.5,48.643,118.64,21.164
269,185.16,307.1,52.903,129.03,19.083
269,133.85,67.692,126.15,307.69,18.127
269,456.6,229.09,44.668,108.95,16.855
269,333.13,225.6,98.115,239.31,15.547
269,318.57,40,117.14,285.71,9.641
269,65.287,129.23,75.524,184.2,8.6952
269,23.111,192.48,48.643,118.64,7.7049
269,418.41,256.94,57.981,141.42,5.8106
269,517.55,268.36,44.668,108.95,5.7852
269,544.59,211.49,48.643,118.64,2.8241
270,523.5,146,41,100,101.45
270,281.97,140.87,107.29,261.69,100.31
270,344.92,140.87,107.29,261.69,93.31
270,116.15,138.46,63.077,153.85,88.575
270,475.5,118,41,100,50.292
270,491.5,118,41,100,39.023
270,257.69,249.23,63.077,153.85,37.267
270,304.22,15.273,44.668,108.95,27.116
270,508.84,120,44.668,108.95,23.933
270,573.04,106.93,48.643,118.64,23.86
270,271.15,98.824,57.981,141.42,8.7748
270,536.13,105.81,52.903,129.03,7.1837
271,238.57,120,117.14,285.71,158.65
271,342.69,158.4,98.115,239.31,130.22
271,516.15,78.416,48.643,118.64,56.538
271,43.218,48,75.524,184.2,45.421
271,-0.5,138,41,100,38.305
271,16.871,128.73,44.668,108.95,36.934
271,292.46,140.87,107.29,261.69,36.04
271,103.85,150.77,63.077,153.85,16.217
271,539.5,98,41,100,8.2174
272,314.52,161.45,89.691,218.76,135.9
272,197.7,173.54,75.524,184.2,134.71
272,119,164,82,200,125.83
272,375.89,152.73,89.691,218.76,120.84
272,75.259,187.72,48.643,118.64,102.17
272,168.28,166.15,75.524,184.2,40.063
272,349.59,178.91,89.691,218.76,29.704
272,238.91,154.91,44.668,108.95,10.76
272,94.222,192.48,48.643,118.64,6.6448
272,373.88,28.364,44.668,108.95,3.8676
273,240,140.87,107.29,261.69,98.716
274,216.36,50.909,149.09,363.64,99.697
274,371.5,350,41,100,34.966
274,413.06,329.45,44.668,108.95,34.786
274,67.5,154,41,100,21.132
274,55.5,138,41,100,17.981
274,-0.54422,181.09,44.668,108.95,11.782
274,87,44,82,200,6.435
274,579.5,194,41,100,4.9107
275,208.52,182.61,107.29,261.69,94.314
275,356.11,172.24,57.981,141.42,68.132
275,269.63,97.426,48.643,118.64,29.838
275,294.62,76.923,63.077,153.85,21.84
275,118.23,115.76,57.981,141.42,9.2495
276,380.9,139.2,98.115,239.31,82.74
276,235.5,162,41,100,19.755
277,240,25.714,176.63,430.8,93.922
277,207.5,150,41,100,18.745
278,257.3,42.857,176.63,430.8,107.94
279,222,40,164,400,130.56
279,157.88,70.588,57.981,141.42,29.927
280,216.36,50.909,149.09,363.64,99.453
280,51.5,142,41,100,26.486
280,347.76,342.55,44.668,108.95,19.392
280,124.14,55.385,75.524,184.2,18.496
281,171.67,46.667,136.67,333.33,100.42
281,154.11,267.04,69.155,168.67,44.742
282,222,24,164,400,98.378
283,225,33.333,136.67,333.33,108.43
283,87.356,48,75.524,184.2,7.5806
283,39.5,30,41,100,7.5307
284,93.6,126.06,197.95,482.8,88.945
284,351.5,198,41,100,3.4048
285,314.52,187.64,89.691,218.76,135.91
285,244.38,187.64,89.691,218.76,118.13
285,103.5,206,41,100,69.976
285,195.5,190,41,100,51.665
285,587.5,178,41,100,37.846
285,81.935,224.52,52.903,129.03,31.304
285,167.5,182,41,100,30.999
285,76.774,172.9,52.903,129.03,27.278
285,135.22,144,57.981,141.42,22.853
285,279.45,187.64,89.691,218.76,22.302
285,215.5,190,41,100,11.998
285,-0.54422,181.09,44.668,108.95,11.296
286,336,192.68,69.155,168.67,99.235
286,287.5,186,41,100,89.288
286,60.274,222.55,89.691,218.76,41.859
286,231.7,125.94,48.643,118.64,37.477
286,362.95,192.68,69.155,168.67,28.718
286,35.385,43.077,126.15,307.69,21.868
286,451.5,162,41,100,17.382
287,238,88,164,400,116.38
287,395.5,82,41,100,60.338
287,373.88,325.09,44.668,108.95,25.555
287,159.35,281.29,52.903,129.03,16.854
287,373.93,49.901,48.643,118.64,16.586
287,42.74,231.27,89.691,218.76,10.623
287,85.385,193.85,63.077,153.85,5.2403
288,209.32,144,89.691,218.76,141.35
288,281.97,130.43,107.29,261.69,86.938
288,51.5,90,41,100,39.897
288,527.5,98,41,100,35.54
288,67.5,90,41,100,24.803
288,3.5,86,41,100,14.847
